9
%%
global 0 [0,0,0,0] [0,0,0,0]
main 1 [9,0,0,5] [18,0,0,0]
%%
15000 10
15001 1
15002 0
15003 5000
%%
GOTO         -1         -1         1         
ASSIGN       15002      -1         5011      
ASSIGN       15002      -1         5012      
ASSIGN       15000      -1         5013      
LT           5011       15000      13750     
GOTOF        13750      -1         16        
READ         -1         -1         5010      
VERIFY       5011       -1         15000     
SUM          5011       15003      20000     
ASSIGN       5010       -1         20000     
VERIFY       5011       -1         15000     
SUM          5011       15003      20001     
ASSIGN       20001      -1         5014      
SUM          5011       15001      10000     
ASSIGN       10000      -1         5011      
GOTO         -1         -1         4         
ASSIGN       15002      -1         5011      
MINUS        5013       15001      10001     
ASSIGN       10001      -1         5016      
LT           5011       5016       13751     
GOTOF        13751      -1         52        
ASSIGN       15002      -1         5012      
MINUS        5016       5011       10002     
ASSIGN       10002      -1         5017      
LT           5012       5017       13752     
GOTOF        13752      -1         49        
VERIFY       5012       -1         15000     
SUM          5012       15003      20002     
SUM          5012       15001      10003     
VERIFY       10003      -1         15000     
SUM          10003      15003      20003     
GT           20002      20003      13753     
GOTOF        13753      -1         46        
VERIFY       5012       -1         15000     
SUM          5012       15003      20004     
ASSIGN       20004      -1         5015      
SUM          5012       15001      10004     
VERIFY       10004      -1         15000     
SUM          10004      15003      20005     
VERIFY       5012       -1         15000     
SUM          5012       15003      20006     
ASSIGN       20005      -1         20006     
SUM          5012       15001      10005     
VERIFY       10005      -1         15000     
SUM          10005      15003      20007     
ASSIGN       5015       -1         20007     
SUM          5012       15001      10006     
ASSIGN       10006      -1         5012      
GOTO         -1         -1         24        
SUM          5011       15001      10007     
ASSIGN       10007      -1         5011      
GOTO         -1         -1         19        
ASSIGN       15002      -1         5011      
LT           5011       15000      13754     
GOTOF        13754      -1         62        
VERIFY       5011       -1         15000     
SUM          5011       15003      20008     
ASSIGN       20008      -1         5014      
PRINT        -1         -1         5014      
SUM          5011       15001      10008     
ASSIGN       10008      -1         5011      
GOTO         -1         -1         53        
